0640027200
0704027200
0768027200
2464027200
2528027200
2560014400
2592014400
2624014400
2656014400
2688014400
2720014400
2752014400
2784014400
2912014400
2944014400
2976014400
3200027200
3776027200
3872014400
3904014400
3936014400
4096014400
4192014400
4128027200
4160027200
5376027200
5408027200
5472027200
0512027210
0672027230
0704014410
0736027210
2048024041
2496027200
3008014410
3008027220
3232027250
3392027210
3488027210
3584027210
3488014430
4128014410
4160014410
5440027210
